

Method : SLSQP
Max eigenvalue = 545588736.7134
Total time (minutes) = 9.76
Initial likelihood = 23869.47
Final likelihood = 10000000000.00
Likelihood difference = -9999976130.53
     fun: 10000000000.0
     nit: 15
    njev: 15
     jac: array([ 0.,  0.,  0.,  0.,  0.,  0.,  0.,  0.,  0.,  0.,  0.,  0.,  0.,
        0.,  0.,  0.,  0.,  0.,  0.,  0.,  0.,  0.,  0.,  0.,  0.,  0.,
        0.,  0.,  0.,  0.,  0.,  0.,  0.,  0.,  0.,  0.,  0.,  0.,  0.,
        0.,  0.,  0.,  0.,  0.,  0.,  0.,  0.,  0.,  0.,  0.,  0.,  0.,
        0.,  0.,  0.,  0.,  0.,  0.,  0.,  0.,  0.,  0.,  0.,  0.,  0.,
        0.,  0.,  0.,  0.,  0.,  0.,  0.,  0.])
  status: 0
    nfev: 1213
 message: 'Optimization terminated successfully.'
 success: True
       x: array([ -2283.5587, -11701.2727,   2219.9021,  12243.6602,  -6458.262 ,
        -8438.4071,    737.5997,   -759.8488,  -3589.1948,  -7904.7924,
        -3002.8987,  -2325.3516,   8515.8472,   3218.4723,  -4139.6555,
        -6225.556 ,   2455.8651,   7172.7709,  -1475.6537,  -2666.4216,
         3394.2178,    552.8606,   3929.0643,   4474.1922,   5947.0102,
        10359.6099,   4056.7729,   1087.0793,  -1717.5171,    909.9917,
         2279.3748,   8037.776 ,   2340.392 ,    712.0233,   4102.5774,
        -3201.7414,   -356.6078,  -1842.4612, -11952.9642,  -1898.4739,
        15710.4096,  -2199.3967,  10890.9256, -10560.8145,   3151.3574,
         5433.3355, -11241.0524,  -8071.1563,   6257.3814,  -8827.8386,
       -12542.1881,   7973.5269,   2954.6049,   1157.5093,   3852.5769,
        -1144.3641,  -1433.1904,  -6778.9499,   4021.992 ,   3407.1661,
       -10197.3517,   6500.3968,   5327.4879,  -7582.0536,  -1593.3797,
         5990.5245,  -1469.4803,   -158.0755,   -629.5037,  -7693.6087,
        -4342.6349,   4935.7937])
A = 
[[ -2283.5587 -11701.2727   2219.9021  12243.6602  -6458.262   -8438.4071]
 [   737.5997   -759.8488  -3589.1948  -7904.7924  -3002.8987  -2325.3516]
 [  8515.8472   3218.4723  -4139.6555  -6225.556    2455.8651   7172.7709]
 [ -1475.6537  -2666.4216   3394.2178    552.8606   3929.0643   4474.1922]
 [  5947.0102  10359.6099   4056.7729   1087.0793  -1717.5171    909.9917]
 [  2279.3748   8037.776    2340.392     712.0233   4102.5774  -3201.7414]]
B = 
[[  -356.6078  -1842.4612 -11952.9642  -1898.4739  15710.4096  -2199.3967]
 [ 10890.9256 -10560.8145   3151.3574   5433.3355 -11241.0524  -8071.1563]
 [  6257.3814  -8827.8386 -12542.1881   7973.5269   2954.6049   1157.5093]
 [  3852.5769  -1144.3641  -1433.1904  -6778.9499   4021.992    3407.1661]
 [-10197.3517   6500.3968   5327.4879  -7582.0536  -1593.3797   5990.5245]
 [ -1469.4803   -158.0755   -629.5037  -7693.6087  -4342.6349   4935.7937]]
