

Method : COBYLA
Max eigenvalue = 0.9997
Total time (minutes) = 2.31
Initial likelihood = 23869.47
Final likelihood = 273679.46
Likelihood difference = -249809.99
   maxcv: 0.0
 success: True
    nfev: 633
 message: 'Optimization terminated successfully.'
       x: array([ 0.1973,  0.    , -0.    , -0.    ,  0.    ,  0.    ,  1.    ,
        0.272 ,  0.    ,  0.    , -0.    ,  0.    , -0.    , -0.    ,
        0.1783, -0.    , -0.    , -0.    , -0.    ,  1.    ,  0.    ,
        0.1389, -0.    ,  1.    , -0.    , -0.    , -0.    ,  0.    ,
        0.1384, -0.    , -0.    , -0.    , -0.    , -0.    , -0.    ,
        0.1474,  0.9752, -0.    , -0.    , -0.    , -0.    ,  0.    ,
        0.    ,  0.949 ,  0.    ,  0.    , -0.    ,  0.    ,  0.    ,
       -0.    ,  0.9791, -0.    ,  0.    , -0.    , -0.125 ,  0.    ,
        0.0002,  0.9866, -0.0001,  0.0161, -0.0037,  0.0006,  0.001 ,
        0.0005,  0.9886, -0.    ,  0.0005,  0.0005,  0.    ,  0.    ,
       -0.    ,  0.9874])
     fun: 273679.46303855738
  status: 1
A = 
[[ 0.1973  0.     -0.     -0.      0.      0.    ]
 [ 1.      0.272   0.      0.     -0.      0.    ]
 [-0.     -0.      0.1783 -0.     -0.     -0.    ]
 [-0.      1.      0.      0.1389 -0.      1.    ]
 [-0.     -0.     -0.      0.      0.1384 -0.    ]
 [-0.     -0.     -0.     -0.     -0.      0.1474]]
B = 
[[ 0.9752 -0.     -0.     -0.     -0.      0.    ]
 [ 0.      0.949   0.      0.     -0.      0.    ]
 [ 0.     -0.      0.9791 -0.      0.     -0.    ]
 [-0.125   0.      0.0002  0.9866 -0.0001  0.0161]
 [-0.0037  0.0006  0.001   0.0005  0.9886 -0.    ]
 [ 0.0005  0.0005  0.      0.     -0.      0.9874]]
