

Method : TNC
Max eigenvalue = 0.9982
Total time (minutes) = 105.22
Initial likelihood = 23869.47
Final likelihood = -517375.82
Likelihood difference = 541245.29
    nfev: 212
 message: 'Linear search failed'
       x: array([ 0.1817, -0.012 ,  0.0081,  0.014 ,  0.0015, -0.0116, -0.0019,
        0.2509, -0.0056, -0.019 ,  0.0154,  0.0022,  0.014 ,  0.0073,
        0.1898,  0.0012, -0.0114,  0.0148,  0.0053,  0.0132,  0.0034,
        0.1303,  0.002 , -0.0095,  0.0176,  0.0089,  0.0192,  0.0024,
        0.1364, -0.0148,  0.0052, -0.0123,  0.0128,  0.0029,  0.0034,
        0.1493,  0.9719,  0.0144, -0.0138,  0.0029,  0.0154, -0.004 ,
        0.0132,  0.9491, -0.0093,  0.015 , -0.009 , -0.0123,  0.0031,
       -0.0089,  0.9748, -0.0043, -0.0027,  0.0046,  0.0009, -0.0063,
        0.0019,  0.9838, -0.0011,  0.0033, -0.0198,  0.0077,  0.0017,
       -0.0016,  0.9871,  0.0116, -0.008 ,  0.0115, -0.0082,  0.005 ,
       -0.0034,  0.9916])
     jac: array([  5.4771e+12,   7.4441e+12,  -1.2259e+12,  -1.8752e+11,
         3.1398e+12,   1.4278e+12,   2.6835e+12,   4.9925e+12,
        -5.1311e+11,   2.3888e+11,   1.9665e+12,   9.2106e+11,
        -1.2278e+13,  -2.5365e+13,   1.8625e+12,  -3.4374e+11,
        -7.5216e+12,  -3.1609e+12,   4.4153e+12,   8.6804e+12,
        -9.4662e+11,   5.5672e+11,   3.7298e+12,   1.8050e+12,
         2.1082e+12,   4.6517e+12,  -4.1103e+11,   3.4766e+11,
         1.8244e+12,   8.4844e+11,   1.2818e+12,   1.4831e+12,
        -2.6397e+11,  -1.2700e+11,   7.0656e+11,   3.4861e+11,
         2.2487e+13,   2.4254e+13,  -8.9670e+12,   1.1515e+12,
         1.4471e+13,   1.1652e+13,   1.2848e+13,   1.6022e+13,
        -3.8238e+12,   1.2425e+12,   9.1247e+12,   6.3841e+12,
         4.7486e+14,   1.8650e+14,   1.0237e+13,  -3.6135e+12,
        -1.1904e+14,  -4.9188e+13,   1.8717e+13,   2.2922e+13,
        -6.6723e+12,   2.4186e+12,   1.5660e+13,   1.1092e+13,
         1.0332e+13,   1.3982e+13,  -2.9299e+12,   1.3409e+12,
         8.4975e+12,   5.4878e+12,   7.3392e+12,   7.5237e+12,
        -1.5668e+12,   7.2796e+10,   4.1388e+12,   3.4047e+12])
     nit: 6
  status: 4
 success: False
     fun: -517375.81939848926
A = 
[[ 0.1817 -0.012   0.0081  0.014   0.0015 -0.0116]
 [-0.0019  0.2509 -0.0056 -0.019   0.0154  0.0022]
 [ 0.014   0.0073  0.1898  0.0012 -0.0114  0.0148]
 [ 0.0053  0.0132  0.0034  0.1303  0.002  -0.0095]
 [ 0.0176  0.0089  0.0192  0.0024  0.1364 -0.0148]
 [ 0.0052 -0.0123  0.0128  0.0029  0.0034  0.1493]]
B = 
[[ 0.9719  0.0144 -0.0138  0.0029  0.0154 -0.004 ]
 [ 0.0132  0.9491 -0.0093  0.015  -0.009  -0.0123]
 [ 0.0031 -0.0089  0.9748 -0.0043 -0.0027  0.0046]
 [ 0.0009 -0.0063  0.0019  0.9838 -0.0011  0.0033]
 [-0.0198  0.0077  0.0017 -0.0016  0.9871  0.0116]
 [-0.008   0.0115 -0.0082  0.005  -0.0034  0.9916]]
