

Method : Powell
Max eigenvalue = 0.9967
Total time (minutes) = 56.48
Initial likelihood = 23869.47
Final likelihood = -755122989327.47
Likelihood difference = 755123013196.94
    nfev: 7677
 message: 'Optimization terminated successfully.'
       x: array([ 0.1973,  0.0892, -0.1043,  0.    ,  0.    ,  0.    ,  0.    ,
        0.272 ,  0.    ,  0.    , -0.    ,  0.    ,  0.    ,  0.    ,
        0.1783,  0.    ,  0.    ,  0.    ,  0.    ,  0.    ,  0.    ,
        0.1389,  0.    ,  0.    ,  0.    ,  0.    ,  0.    ,  0.    ,
        0.1384,  0.    ,  0.    ,  0.    ,  0.    ,  0.    ,  0.    ,
        0.1474,  0.9751,  0.    ,  0.    ,  0.    ,  0.    ,  0.    ,
        0.    ,  0.9489,  0.    ,  0.    ,  0.    ,  0.    ,  0.    ,
        0.    ,  0.9791,  0.    ,  0.    ,  0.    ,  0.    ,  0.    ,
        0.    ,  0.9866,  0.    ,  0.    ,  0.    ,  0.    ,  0.    ,
        0.    ,  0.9885,  0.    ,  0.    ,  0.    ,  0.    ,  0.    ,
        0.    ,  0.9874])
     nit: 2
  status: 0
 success: True
   direc: array([[ 1.,  0.,  0., ...,  0.,  0.,  0.],
       [ 0.,  1.,  0., ...,  0.,  0.,  0.],
       [ 0.,  0.,  1., ...,  0.,  0.,  0.],
       ..., 
       [ 0.,  0.,  0., ...,  1.,  0.,  0.],
       [ 0.,  0.,  0., ...,  0.,  1.,  0.],
       [ 0.,  0.,  0., ...,  0.,  0.,  1.]])
     fun: array(-755122989327.4683)
A = 
[[ 0.1973  0.0892 -0.1043  0.      0.      0.    ]
 [ 0.      0.272   0.      0.     -0.      0.    ]
 [ 0.      0.      0.1783  0.      0.      0.    ]
 [ 0.      0.      0.      0.1389  0.      0.    ]
 [ 0.      0.      0.      0.      0.1384  0.    ]
 [ 0.      0.      0.      0.      0.      0.1474]]
B = 
[[ 0.9751  0.      0.      0.      0.      0.    ]
 [ 0.      0.9489  0.      0.      0.      0.    ]
 [ 0.      0.      0.9791  0.      0.      0.    ]
 [ 0.      0.      0.      0.9866  0.      0.    ]
 [ 0.      0.      0.      0.      0.9885  0.    ]
 [ 0.      0.      0.      0.      0.      0.9874]]
