

Method : Nelder-Mead
Max eigenvalue = 0.9969
Total time (minutes) = 101.05
Initial likelihood = 23869.47
Final likelihood = 23651.47
Likelihood difference = 218.00
 success: False
    nfev: 14400
 message: 'Maximum number of function evaluations has been exceeded.'
       x: array([ 0.1185, -0.0141,  0.0285,  0.0174, -0.0096, -0.0537,  0.0058,
        0.3299, -0.0049, -0.0553, -0.0278,  0.0375,  0.0172,  0.0051,
        0.1801, -0.0236,  0.0142,  0.0068, -0.0063,  0.0057, -0.0094,
        0.1353,  0.0332, -0.0018, -0.016 ,  0.0195,  0.0315,  0.0028,
        0.1059, -0.0244, -0.008 ,  0.017 , -0.0107,  0.0174, -0.0086,
        0.1401,  0.9816,  0.0136, -0.0162,  0.0031,  0.0154,  0.0015,
        0.0393,  0.9089, -0.0017,  0.017 , -0.0208, -0.0025,  0.0082,
       -0.0095,  0.974 ,  0.0058, -0.0081,  0.0041,  0.0063, -0.006 ,
        0.0005,  0.9855, -0.0044, -0.001 , -0.0072,  0.0005,  0.0031,
       -0.0046,  0.9914,  0.0083,  0.0031, -0.0044, -0.0022,  0.0022,
       -0.0013,  0.9902])
     nit: 13172
     fun: 23651.467935197594
  status: 1
A = 
[[ 0.1185 -0.0141  0.0285  0.0174 -0.0096 -0.0537]
 [ 0.0058  0.3299 -0.0049 -0.0553 -0.0278  0.0375]
 [ 0.0172  0.0051  0.1801 -0.0236  0.0142  0.0068]
 [-0.0063  0.0057 -0.0094  0.1353  0.0332 -0.0018]
 [-0.016   0.0195  0.0315  0.0028  0.1059 -0.0244]
 [-0.008   0.017  -0.0107  0.0174 -0.0086  0.1401]]
B = 
[[ 0.9816  0.0136 -0.0162  0.0031  0.0154  0.0015]
 [ 0.0393  0.9089 -0.0017  0.017  -0.0208 -0.0025]
 [ 0.0082 -0.0095  0.974   0.0058 -0.0081  0.0041]
 [ 0.0063 -0.006   0.0005  0.9855 -0.0044 -0.001 ]
 [-0.0072  0.0005  0.0031 -0.0046  0.9914  0.0083]
 [ 0.0031 -0.0044 -0.0022  0.0022 -0.0013  0.9902]]
