

Method : BFGS
Max eigenvalue = 0.9993
Total time (minutes) = 139.57
Initial likelihood = 23869.47
Final likelihood = 23400.46
Likelihood difference = 469.01
     nfev: 20514
  message: 'Desired error not necessarily achieved due to precision loss.'
        x: array([ 0.1108, -0.0193,  0.0355,  0.0444,  0.0056,  0.0823,  0.164 ,
        0.3032,  0.1181, -0.4082,  0.1467, -0.4263,  0.0522,  0.0216,
        0.1962, -0.0622, -0.0165,  0.0384, -0.0009,  0.0408,  0.0607,
        0.058 ,  0.0266, -0.0539,  0.0196,  0.0215,  0.0769, -0.0438,
        0.1215, -0.0853,  0.0351,  0.0338, -0.0285, -0.0059,  0.0301,
        0.0765,  1.0023, -0.0141, -0.0335,  0.0002,  0.0229, -0.0379,
        0.1379,  0.8384, -0.0119,  0.0235, -0.0579,  0.0262,  0.008 ,
       -0.0145,  0.9592,  0.0153,  0.0002, -0.0051,  0.0196, -0.0228,
       -0.0102,  0.9915, -0.0096,  0.0068,  0.0076, -0.0122, -0.0085,
        0.0008,  0.9803,  0.0217,  0.0172, -0.014 , -0.0057,  0.0016,
       -0.0121,  0.9966])
      jac: array([ 0.0125,  0.0198,  0.0156,  0.0049, -0.0022, -0.0046,  0.0012,
        0.0039,  0.0042,  0.001 , -0.002 , -0.0059,  0.0125, -0.0217,
        0.0032,  0.0186,  0.0229,  0.0095,  0.0059,  0.0266, -0.0029,
       -0.002 ,  0.0103,  0.0037,  0.001 ,  0.0034,  0.0007, -0.0142,
       -0.0105,  0.0017, -0.0393, -0.0415, -0.0107, -0.0066, -0.0242,
       -0.0212,  0.0078,  0.0605,  0.0347,  0.0129, -0.0991, -0.0752,
        0.0317,  0.0325, -0.0017,  0.0027,  0.0132,  0.0071,  0.1699,
        0.0149, -0.022 ,  0.0562,  0.1692,  0.0752, -0.0454, -0.0071,
        0.0056, -0.0432,  0.1035,  0.0835, -0.0942, -0.0852, -0.0071,
       -0.0623, -0.1907, -0.1028, -0.095 , -0.082 , -0.0503, -0.0447,
       -0.0552, -0.0835])
     njev: 277
 hess_inv: array([[ 0.0001,  0.    , -0.    , ...,  0.    ,  0.    , -0.    ],
       [ 0.    ,  0.    ,  0.    , ...,  0.    ,  0.    ,  0.    ],
       [-0.    ,  0.    ,  0.0002, ...,  0.    ,  0.    , -0.    ],
       ..., 
       [ 0.    ,  0.    ,  0.    , ...,  0.    ,  0.    , -0.    ],
       [ 0.    ,  0.    ,  0.    , ...,  0.    ,  0.    , -0.    ],
       [-0.    ,  0.    , -0.    , ..., -0.    , -0.    ,  0.    ]])
  success: False
   status: 2
      fun: 23400.46236419122
A = 
[[ 0.1108 -0.0193  0.0355  0.0444  0.0056  0.0823]
 [ 0.164   0.3032  0.1181 -0.4082  0.1467 -0.4263]
 [ 0.0522  0.0216  0.1962 -0.0622 -0.0165  0.0384]
 [-0.0009  0.0408  0.0607  0.058   0.0266 -0.0539]
 [ 0.0196  0.0215  0.0769 -0.0438  0.1215 -0.0853]
 [ 0.0351  0.0338 -0.0285 -0.0059  0.0301  0.0765]]
B = 
[[ 1.0023 -0.0141 -0.0335  0.0002  0.0229 -0.0379]
 [ 0.1379  0.8384 -0.0119  0.0235 -0.0579  0.0262]
 [ 0.008  -0.0145  0.9592  0.0153  0.0002 -0.0051]
 [ 0.0196 -0.0228 -0.0102  0.9915 -0.0096  0.0068]
 [ 0.0076 -0.0122 -0.0085  0.0008  0.9803  0.0217]
 [ 0.0172 -0.014  -0.0057  0.0016 -0.0121  0.9966]]
