

Method : L-BFGS-B
Max eigenvalue = 0.9967
Total time (minutes) = 9.26
Initial likelihood = 23869.47
Final likelihood = 23869.47
Likelihood difference = 0.00
    nfev: 1554
 message: b'ABNORMAL_TERMINATION_IN_LNSRCH'
       x: array([ 0.1973,  0.    ,  0.    ,  0.    ,  0.    ,  0.    ,  0.    ,
        0.272 ,  0.    ,  0.    ,  0.    ,  0.    ,  0.    ,  0.    ,
        0.1783,  0.    ,  0.    ,  0.    ,  0.    ,  0.    ,  0.    ,
        0.1389,  0.    ,  0.    ,  0.    ,  0.    ,  0.    ,  0.    ,
        0.1384,  0.    ,  0.    ,  0.    ,  0.    ,  0.    ,  0.    ,
        0.1474,  0.9751,  0.    ,  0.    ,  0.    ,  0.    ,  0.    ,
        0.    ,  0.9489,  0.    ,  0.    ,  0.    ,  0.    ,  0.    ,
        0.    ,  0.9791,  0.    ,  0.    ,  0.    ,  0.    ,  0.    ,
        0.    ,  0.9866,  0.    ,  0.    ,  0.    ,  0.    ,  0.    ,
        0.    ,  0.9885,  0.    ,  0.    ,  0.    ,  0.    ,  0.    ,
        0.    ,  0.9874])
     jac: array([   -0.0193, -1178.4494,   -81.3245,  -498.9892,  -245.4432,
        -123.2384,  -728.076 ,    -0.6225,   311.2276,   452.3146,
         104.0589,    68.633 ,   111.8322,  2312.7137,     4.9051,
         443.1975,   356.2236,    66.6219,   307.9025,  -280.8618,
         136.0335,     0.9244,  -285.4285,  -489.6217,  -527.898 ,
        -558.7684,  -394.9401,  -338.5707,     2.9006, -1162.4568,
       -1216.2785, -1562.1798,  -493.2648,  -597.1968, -1735.6397,
          -4.5999,    -2.0504, -3827.3371,   515.8483,   709.9581,
       -3247.5979, -2422.7855, -3037.7851,    -2.5128,   326.0466,
        -115.9879,   226.1149,   134.4215,  1393.5212,  6247.4333,
           3.2811,   248.67  ,  1985.9861,  1736.9428,   905.4475,
        -628.8567,  1179.5812,    -3.7857,  -271.9426, -1576.6862,
        -757.0965,  -889.87  , -1091.5475, -1038.6266,    -1.2718,
       -5788.1945, -4309.9928, -4218.6355, -1527.5647, -2084.6415,
       -6362.8529,    -9.8076])
     nit: 0
  status: 2
 success: False
     fun: 23868.528906053976
A = 
[[ 0.1973  0.      0.      0.      0.      0.    ]
 [ 0.      0.272   0.      0.      0.      0.    ]
 [ 0.      0.      0.1783  0.      0.      0.    ]
 [ 0.      0.      0.      0.1389  0.      0.    ]
 [ 0.      0.      0.      0.      0.1384  0.    ]
 [ 0.      0.      0.      0.      0.      0.1474]]
B = 
[[ 0.9751  0.      0.      0.      0.      0.    ]
 [ 0.      0.9489  0.      0.      0.      0.    ]
 [ 0.      0.      0.9791  0.      0.      0.    ]
 [ 0.      0.      0.      0.9866  0.      0.    ]
 [ 0.      0.      0.      0.      0.9885  0.    ]
 [ 0.      0.      0.      0.      0.      0.9874]]
