

Method : CG
Max eigenvalue = 0.9969
Total time (minutes) = 170.49
Initial likelihood = 23869.47
Final likelihood = 23560.30
Likelihood difference = 309.17
    nfev: 26139
 message: 'Desired error not necessarily achieved due to precision loss.'
       x: array([ 0.1601, -0.0349,  0.0261,  0.0625, -0.0108, -0.0006, -0.005 ,
        0.2763, -0.0176, -0.0357, -0.0118, -0.0133,  0.0395,  0.0075,
        0.1699, -0.0196, -0.0009,  0.0195, -0.0045,  0.0002,  0.0056,
        0.1339,  0.0148,  0.0091,  0.0048,  0.0301,  0.0175,  0.0074,
        0.1068, -0.011 ,  0.0247,  0.023 , -0.01  ,  0.0118, -0.    ,
        0.1252,  0.9844,  0.0042, -0.031 ,  0.0033,  0.0207, -0.0142,
        0.0458,  0.9375, -0.0048,  0.0129, -0.0078, -0.0231,  0.0049,
       -0.0077,  0.9695,  0.0107, -0.0048,  0.0001,  0.0026, -0.0014,
       -0.0057,  0.9884, -0.002 , -0.0006, -0.0056, -0.0031,  0.0026,
       -0.0035,  0.9931,  0.0014,  0.0005, -0.0017, -0.0078,  0.0029,
       -0.0003,  0.9889])
     jac: array([  390.0898,   242.2329,  -158.344 ,  -255.5669,  -227.7949,
        -366.543 ,    67.6365,    67.4683,    84.2815,   236.4622,
          22.7175,    98.3115,  -233.792 ,  -187.0525,    25.7944,
          99.197 ,   157.0798,   -19.0964,    71.4138,  -138.4487,
           6.2175,    67.6582,   -15.2507,    22.2688,   133.3169,
         -34.396 ,  -100.4978,    10.1782,   267.0037,    71.4717,
        -316.8975,  -181.9409,   144.4675,  -160.197 ,   -47.2698,
         137.1145,  1051.6565,  1049.4646,    -3.5054,    39.4495,
         291.9939,   112.1741,   -27.5894,   273.2668,   -32.3835,
         -99.7932,    24.8499,   221.7991, -1167.656 , -1011.4636,
         239.2722,    56.167 ,  -395.3884,   -20.0918,    78.2085,
         181.8445,    45.3486,    55.0312,  -399.9919,  -144.7441,
         736.9517,   559.7913,    76.7322,   -19.2876,  1407.1807,
         317.5164,  -908.009 ,  -728.2515,   236.791 ,    92.1389,
        -952.2004,  -199.2512])
    njev: 353
  status: 2
 success: False
     fun: 23560.304625340053
A = 
[[ 0.1601 -0.0349  0.0261  0.0625 -0.0108 -0.0006]
 [-0.005   0.2763 -0.0176 -0.0357 -0.0118 -0.0133]
 [ 0.0395  0.0075  0.1699 -0.0196 -0.0009  0.0195]
 [-0.0045  0.0002  0.0056  0.1339  0.0148  0.0091]
 [ 0.0048  0.0301  0.0175  0.0074  0.1068 -0.011 ]
 [ 0.0247  0.023  -0.01    0.0118 -0.      0.1252]]
B = 
[[ 0.9844  0.0042 -0.031   0.0033  0.0207 -0.0142]
 [ 0.0458  0.9375 -0.0048  0.0129 -0.0078 -0.0231]
 [ 0.0049 -0.0077  0.9695  0.0107 -0.0048  0.0001]
 [ 0.0026 -0.0014 -0.0057  0.9884 -0.002  -0.0006]
 [-0.0056 -0.0031  0.0026 -0.0035  0.9931  0.0014]
 [ 0.0005 -0.0017 -0.0078  0.0029 -0.0003  0.9889]]
