

Method : TNC
Max eigenvalue = 0.9965
Total time (minutes) = 406.06
Initial likelihood = 25270.66
Final likelihood = 23898.13
Likelihood difference = 1372.53
     jac: array([ 105.4486, -471.8167,  -78.8616,  135.9622,  486.3348,   -8.1473,
         48.5576,    2.9566, -135.4747,   74.6062,   61.1992,  113.3889])
       x: array([ 0.1716,  0.1886,  0.1922,  0.1617,  0.1571,  0.1536,  0.9818,
        0.9769,  0.9755,  0.9812,  0.9852,  0.9864])
     nit: 578
     fun: 23898.132555919387
    nfev: 3934
 message: 'Converged (|f_n-f_(n-1)| ~= 0)'
 success: True
  status: 1
A = 
[[ 0.1716  0.      0.      0.      0.      0.    ]
 [ 0.      0.1886  0.      0.      0.      0.    ]
 [ 0.      0.      0.1922  0.      0.      0.    ]
 [ 0.      0.      0.      0.1617  0.      0.    ]
 [ 0.      0.      0.      0.      0.1571  0.    ]
 [ 0.      0.      0.      0.      0.      0.1536]]
B = 
[[ 0.9818  0.      0.      0.      0.      0.    ]
 [ 0.      0.9769  0.      0.      0.      0.    ]
 [ 0.      0.      0.9755  0.      0.      0.    ]
 [ 0.      0.      0.      0.9812  0.      0.    ]
 [ 0.      0.      0.      0.      0.9852  0.    ]
 [ 0.      0.      0.      0.      0.      0.9864]]
