

Method : Powell
Max eigenvalue = 0.9804
Total time (minutes) = 10.04
Initial likelihood = 25270.66
Final likelihood = -55653899647687.68
Likelihood difference = 55653899672958.34
       x: array([ 0.2666,  0.275 ,  0.2358,  0.2176,  0.2291,  0.265 ,  0.9536,
        0.9468,  0.9592,  0.962 ,  0.141 ,  0.9511])
     nit: 3
     fun: array(-55653899647687.68)
 success: True
 message: 'Optimization terminated successfully.'
  status: 0
   direc: array([[ 1.,  0.,  0.,  0.,  0.,  0.,  0.,  0.,  0.,  0.,  0.,  0.],
       [ 0.,  1.,  0.,  0.,  0.,  0.,  0.,  0.,  0.,  0.,  0.,  0.],
       [ 0.,  0.,  1.,  0.,  0.,  0.,  0.,  0.,  0.,  0.,  0.,  0.],
       [ 0.,  0.,  0.,  1.,  0.,  0.,  0.,  0.,  0.,  0.,  0.,  0.],
       [ 0.,  0.,  0.,  0.,  1.,  0.,  0.,  0.,  0.,  0.,  0.,  0.],
       [ 0.,  0.,  0.,  0.,  0.,  1.,  0.,  0.,  0.,  0.,  0.,  0.],
       [ 0.,  0.,  0.,  0.,  0.,  0.,  1.,  0.,  0.,  0.,  0.,  0.],
       [ 0.,  0.,  0.,  0.,  0.,  0.,  0.,  1.,  0.,  0.,  0.,  0.],
       [ 0.,  0.,  0.,  0.,  0.,  0.,  0.,  0.,  1.,  0.,  0.,  0.],
       [ 0.,  0.,  0.,  0.,  0.,  0.,  0.,  0.,  0.,  1.,  0.,  0.],
       [ 0.,  0.,  0.,  0.,  0.,  0.,  0.,  0.,  0.,  0.,  1.,  0.],
       [ 0.,  0.,  0.,  0.,  0.,  0.,  0.,  0.,  0.,  0.,  0.,  1.]])
    nfev: 1494
A = 
[[ 0.2666  0.      0.      0.      0.      0.    ]
 [ 0.      0.275   0.      0.      0.      0.    ]
 [ 0.      0.      0.2358  0.      0.      0.    ]
 [ 0.      0.      0.      0.2176  0.      0.    ]
 [ 0.      0.      0.      0.      0.2291  0.    ]
 [ 0.      0.      0.      0.      0.      0.265 ]]
B = 
[[ 0.9536  0.      0.      0.      0.      0.    ]
 [ 0.      0.9468  0.      0.      0.      0.    ]
 [ 0.      0.      0.9592  0.      0.      0.    ]
 [ 0.      0.      0.      0.962   0.      0.    ]
 [ 0.      0.      0.      0.      0.141   0.    ]
 [ 0.      0.      0.      0.      0.      0.9511]]
