

Method : SLSQP
Max eigenvalue = 1.0759
Total time (minutes) = 0.42
Initial likelihood = 25270.66
Final likelihood = 10000000000.00
Likelihood difference = -9999974729.34
     jac: array([ 0.,  0.,  0.,  0.,  0.,  0.,  0.,  0.,  0.,  0.,  0.,  0.,  0.])
       x: array([ 0.1731,  0.1656,  0.1647,  0.1539,  0.1597,  0.1759,  1.0003,
        0.9724,  0.9776,  0.9579,  0.9692,  1.0222])
     nit: 5
    nfev: 101
     fun: 10000000000.0
 success: True
 message: 'Optimization terminated successfully.'
    njev: 5
  status: 0
A = 
[[ 0.1731  0.      0.      0.      0.      0.    ]
 [ 0.      0.1656  0.      0.      0.      0.    ]
 [ 0.      0.      0.1647  0.      0.      0.    ]
 [ 0.      0.      0.      0.1539  0.      0.    ]
 [ 0.      0.      0.      0.      0.1597  0.    ]
 [ 0.      0.      0.      0.      0.      0.1759]]
B = 
[[ 1.0003  0.      0.      0.      0.      0.    ]
 [ 0.      0.9724  0.      0.      0.      0.    ]
 [ 0.      0.      0.9776  0.      0.      0.    ]
 [ 0.      0.      0.      0.9579  0.      0.    ]
 [ 0.      0.      0.      0.      0.9692  0.    ]
 [ 0.      0.      0.      0.      0.      1.0222]]
