

Method : L-BFGS-B
Max eigenvalue = 0.9967
Total time (minutes) = 20.25
Initial likelihood = 25270.66
Final likelihood = 23869.47
Likelihood difference = 1401.19
 message: b'CONVERGENCE: REL_REDUCTION_OF_F_<=_FACTR*EPSMCH'
     fun: 23869.470336282156
 success: True
     nit: 114
     jac: array([-0.0193, -0.6225,  4.9051,  0.9244,  2.9006, -4.5999, -2.0504,
       -2.5128,  3.2811, -3.7857, -1.2718, -9.8076])
       x: array([ 0.1973,  0.272 ,  0.1783,  0.1389,  0.1384,  0.1474,  0.9751,
        0.9489,  0.9791,  0.9866,  0.9885,  0.9874])
    nfev: 2604
  status: 0
A = 
[[ 0.1973  0.      0.      0.      0.      0.    ]
 [ 0.      0.272   0.      0.      0.      0.    ]
 [ 0.      0.      0.1783  0.      0.      0.    ]
 [ 0.      0.      0.      0.1389  0.      0.    ]
 [ 0.      0.      0.      0.      0.1384  0.    ]
 [ 0.      0.      0.      0.      0.      0.1474]]
B = 
[[ 0.9751  0.      0.      0.      0.      0.    ]
 [ 0.      0.9489  0.      0.      0.      0.    ]
 [ 0.      0.      0.9791  0.      0.      0.    ]
 [ 0.      0.      0.      0.9866  0.      0.    ]
 [ 0.      0.      0.      0.      0.9885  0.    ]
 [ 0.      0.      0.      0.      0.      0.9874]]
