

Method : BFGS
Max eigenvalue = 0.9250
Total time (minutes) = 2.35
Initial likelihood = 25270.66
Final likelihood = 25270.66
Likelihood difference = 0.00
      jac: array([-2950.5898, -2215.4824, -2188.0249,  -578.6938, -1334.2124,
       -3224.0854, -4466.1189, -2445.3726, -3085.5164, -1122.0127,
       -2376.7214, -5590.916 ])
        x: array([ 0.15,  0.15,  0.15,  0.15,  0.15,  0.15,  0.95,  0.95,  0.95,
        0.95,  0.95,  0.95])
 hess_inv: array([[1, 0, 0, 0, 0, 0, 0, 0, 0, 0, 0, 0],
       [0, 1, 0, 0, 0, 0, 0, 0, 0, 0, 0, 0],
       [0, 0, 1, 0, 0, 0, 0, 0, 0, 0, 0, 0],
       [0, 0, 0, 1, 0, 0, 0, 0, 0, 0, 0, 0],
       [0, 0, 0, 0, 1, 0, 0, 0, 0, 0, 0, 0],
       [0, 0, 0, 0, 0, 1, 0, 0, 0, 0, 0, 0],
       [0, 0, 0, 0, 0, 0, 1, 0, 0, 0, 0, 0],
       [0, 0, 0, 0, 0, 0, 0, 1, 0, 0, 0, 0],
       [0, 0, 0, 0, 0, 0, 0, 0, 1, 0, 0, 0],
       [0, 0, 0, 0, 0, 0, 0, 0, 0, 1, 0, 0],
       [0, 0, 0, 0, 0, 0, 0, 0, 0, 0, 1, 0],
       [0, 0, 0, 0, 0, 0, 0, 0, 0, 0, 0, 1]])
  message: 'Desired error not necessarily achieved due to precision loss.'
      fun: 25270.66233470721
  success: False
     njev: 31
   status: 2
     nfev: 446
A = 
[[ 0.15  0.    0.    0.    0.    0.  ]
 [ 0.    0.15  0.    0.    0.    0.  ]
 [ 0.    0.    0.15  0.    0.    0.  ]
 [ 0.    0.    0.    0.15  0.    0.  ]
 [ 0.    0.    0.    0.    0.15  0.  ]
 [ 0.    0.    0.    0.    0.    0.15]]
B = 
[[ 0.95  0.    0.    0.    0.    0.  ]
 [ 0.    0.95  0.    0.    0.    0.  ]
 [ 0.    0.    0.95  0.    0.    0.  ]
 [ 0.    0.    0.    0.95  0.    0.  ]
 [ 0.    0.    0.    0.    0.95  0.  ]
 [ 0.    0.    0.    0.    0.    0.95]]
