

Method : Nelder-Mead
Total time (minutes) = 118.27
Initial likelihood = 13120.42
Final likelihood = 12133.00
Likelihood difference = 987.42
 message: 'Maximum number of function evaluations has been exceeded.'
     nit: 12720
     fun: 12132.999566535307
    nfev: 14400
 success: False
       x: array([ 0.11,  0.  ,  0.  ,  0.  , -0.  , -0.  ,  0.  ,  0.11, -0.  ,
       -0.  ,  0.  ,  0.  ,  0.  , -0.  ,  0.09,  0.  ,  0.  ,  0.  ,
       -0.  ,  0.  , -0.  ,  0.1 ,  0.  , -0.  ,  0.  , -0.  , -0.  ,
       -0.  ,  0.1 ,  0.  , -0.  , -0.  , -0.  ,  0.  ,  0.  ,  0.11,
        0.99, -0.  , -0.  ,  0.  , -0.  ,  0.  , -0.  ,  0.99,  0.  ,
        0.  ,  0.  ,  0.  , -0.  ,  0.  ,  0.99,  0.  , -0.  , -0.  ,
       -0.  , -0.  ,  0.  ,  0.99,  0.  ,  0.  ,  0.  ,  0.  ,  0.  ,
        0.  ,  0.99, -0.  , -0.  ,  0.  ,  0.  ,  0.  , -0.  ,  0.99])
  status: 1
A = 
[[ 0.11  0.    0.    0.   -0.   -0.  ]
 [ 0.    0.11 -0.   -0.    0.    0.  ]
 [ 0.   -0.    0.09  0.    0.    0.  ]
 [-0.    0.   -0.    0.1   0.   -0.  ]
 [ 0.   -0.   -0.   -0.    0.1   0.  ]
 [-0.   -0.   -0.    0.    0.    0.11]]
B = 
[[ 0.99 -0.   -0.    0.   -0.    0.  ]
 [-0.    0.99  0.    0.    0.    0.  ]
 [-0.    0.    0.99  0.   -0.   -0.  ]
 [-0.   -0.    0.    0.99  0.    0.  ]
 [ 0.    0.    0.    0.    0.99 -0.  ]
 [-0.    0.    0.    0.   -0.    0.99]]


Method : Powell
Total time (minutes) = 140.78
Initial likelihood = 13120.42
Final likelihood = 11953.92
Likelihood difference = 1166.50
     fun: array(11953.919668765782)
 success: True
   direc: array([[ 0.  ,  0.  ,  0.  , ...,  0.  ,  0.  ,  1.  ],
       [ 0.  ,  1.  ,  0.  , ...,  0.  ,  0.  ,  0.  ],
       [ 0.  ,  0.  ,  1.  , ...,  0.  ,  0.  ,  0.  ],
       ..., 
       [ 0.  ,  0.  ,  0.  , ...,  1.  ,  0.  ,  0.  ],
       [ 0.  ,  0.  ,  0.  , ...,  0.  ,  1.  ,  0.  ],
       [ 0.  , -0.  ,  0.04, ..., -0.01,  0.01, -0.  ]])
 message: 'Optimization terminated successfully.'
     nit: 20
    nfev: 23460
       x: array([ 0.31, -0.01, -0.05,  0.09,  0.1 , -0.12,  0.24,  0.11,  0.13,
       -0.24,  0.14, -0.18,  0.02,  0.02,  0.17, -0.05,  0.07,  0.11,
        0.  ,  0.01,  0.08,  0.  ,  0.09, -0.04,  0.  ,  0.01,  0.11,
       -0.02,  0.19,  0.16,  0.02,  0.04, -0.03,  0.07,  0.14,  0.2 ,
        0.96, -0.04,  0.  , -0.34,  0.05, -0.06,  0.02,  0.95, -0.1 ,
       -0.01, -0.12,  0.04, -0.  , -0.  ,  0.91, -0.09,  0.05, -0.11,
       -0.  , -0.01, -0.06,  0.88,  0.02, -0.03,  0.02,  0.02, -0.21,
        0.07,  0.94, -0.02, -0.01, -0.  , -0.02, -0.3 ,  0.02,  0.89])
  status: 0
A = 
[[ 0.31 -0.01 -0.05  0.09  0.1  -0.12]
 [ 0.24  0.11  0.13 -0.24  0.14 -0.18]
 [ 0.02  0.02  0.17 -0.05  0.07  0.11]
 [ 0.    0.01  0.08  0.    0.09 -0.04]
 [ 0.    0.01  0.11 -0.02  0.19  0.16]
 [ 0.02  0.04 -0.03  0.07  0.14  0.2 ]]
B = 
[[ 0.96 -0.04  0.   -0.34  0.05 -0.06]
 [ 0.02  0.95 -0.1  -0.01 -0.12  0.04]
 [-0.   -0.    0.91 -0.09  0.05 -0.11]
 [-0.   -0.01 -0.06  0.88  0.02 -0.03]
 [ 0.02  0.02 -0.21  0.07  0.94 -0.02]
 [-0.01 -0.   -0.02 -0.3   0.02  0.89]]


Method : CG
Total time (minutes) = 497.96
Initial likelihood = 13120.42
Final likelihood = 11752.55
Likelihood difference = 1367.87
     jac: array([ 177.4 ,   58.95,    4.04,  -19.91,  -24.76, -198.98,  -19.99,
        -37.95,  -17.84,   25.63,   13.93,   48.15,  -93.76,  -53.73,
         -7.57,   19.18,   19.94,   23.92,    9.83,  -92.69,  -29.91,
         44.57,   13.76,   18.7 ,   66.13,   64.31,  -35.84,   -6.92,
        -10.6 ,    8.31,   -6.74,   -3.19,   48.08,  -66.16,  -79.87,
         80.61,  430.25,  378.82,  -50.74,  -29.5 ,  244.59,  140.87,
         34.64,  116.98,    8.42,   24.6 ,   33.67,   21.48, -375.11,
       -299.11,   48.58,   12.74, -259.52, -140.04, -279.7 , -211.71,
         37.63,   41.41, -224.07,  -43.77,  384.03,  299.68,   26.39,
        -52.57,  545.43,  205.9 , -176.21, -139.92,   64.2 ,   83.3 ,
       -137.36,   -3.63])
     fun: 11752.548171988832
 success: False
 message: 'Desired error not necessarily achieved due to precision loss.'
    nfev: 63288
    njev: 855
       x: array([ 0.13, -0.05,  0.03,  0.1 ,  0.01,  0.03, -0.  ,  0.22, -0.02,
       -0.08, -0.  , -0.02,  0.04,  0.01,  0.17, -0.03, -0.01,  0.04,
       -0.01,  0.01,  0.01,  0.12,  0.02, -0.02,  0.  ,  0.04,  0.03,
       -0.01,  0.1 , -0.05,  0.03,  0.03, -0.03,  0.02, -0.  ,  0.13,
        0.99,  0.01, -0.03, -0.  ,  0.02, -0.02,  0.05,  0.95,  0.  ,
        0.02, -0.01, -0.03,  0.01, -0.01,  0.97,  0.01, -0.01, -0.  ,
        0.01, -0.  , -0.  ,  0.99, -0.01,  0.01,  0.  , -0.01,  0.01,
       -0.  ,  0.99,  0.01,  0.  , -0.  , -0.01,  0.  , -0.  ,  0.99])
  status: 2
A = 
[[ 0.13 -0.05  0.03  0.1   0.01  0.03]
 [-0.    0.22 -0.02 -0.08 -0.   -0.02]
 [ 0.04  0.01  0.17 -0.03 -0.01  0.04]
 [-0.01  0.01  0.01  0.12  0.02 -0.02]
 [ 0.    0.04  0.03 -0.01  0.1  -0.05]
 [ 0.03  0.03 -0.03  0.02 -0.    0.13]]
B = 
[[ 0.99  0.01 -0.03 -0.    0.02 -0.02]
 [ 0.05  0.95  0.    0.02 -0.01 -0.03]
 [ 0.01 -0.01  0.97  0.01 -0.01 -0.  ]
 [ 0.01 -0.   -0.    0.99 -0.01  0.01]
 [ 0.   -0.01  0.01 -0.    0.99  0.01]
 [ 0.   -0.   -0.01  0.   -0.    0.99]]


Method : BFGS
Total time (minutes) = 231.83
Initial likelihood = 13120.42
Final likelihood = 11713.71
Likelihood difference = 1406.71
      jac: array([ 0.  ,  0.  ,  0.01,  0.  ,  0.  ,  0.  ,  0.  ,  0.  ,  0.  ,
        0.  ,  0.  ,  0.  ,  0.  , -0.  ,  0.01,  0.  ,  0.  ,  0.  ,
        0.01,  0.01,  0.  ,  0.01,  0.  ,  0.01,  0.  ,  0.01,  0.  ,
        0.  ,  0.  ,  0.  ,  0.  ,  0.  ,  0.  ,  0.  ,  0.01,  0.01,
        0.02,  0.01,  0.  ,  0.01, -0.01, -0.01,  0.  ,  0.  ,  0.  ,
        0.  ,  0.01,  0.  ,  0.  , -0.01,  0.01,  0.  , -0.02, -0.02,
        0.02,  0.02,  0.  ,  0.01,  0.03,  0.03, -0.  ,  0.  ,  0.01,
        0.01,  0.03,  0.01,  0.01,  0.  ,  0.  ,  0.01,  0.02,  0.03])
      fun: 11713.706894221317
  success: False
  message: 'Desired error not necessarily achieved due to precision loss.'
     nfev: 29833
     njev: 403
        x: array([ 0.11, -0.06, -0.03,  0.05,  0.07, -0.02,  0.25,  0.23,  0.12,
       -0.46,  0.11, -0.46,  0.05,  0.03,  0.24, -0.09,  0.03, -0.  ,
        0.01,  0.03,  0.1 ,  0.05,  0.05, -0.1 ,  0.03, -0.02,  0.07,
       -0.08,  0.05,  0.03,  0.04,  0.03, -0.02, -0.01,  0.01,  0.09,
        1.  ,  0.  ,  0.04, -0.03, -0.06,  0.03,  0.1 ,  0.86,  0.03,
        0.03, -0.06,  0.03,  0.01, -0.03,  0.95,  0.02, -0.  , -0.  ,
        0.02, -0.02, -0.02,  0.99, -0.02,  0.02,  0.02,  0.01, -0.03,
        0.03,  0.97,  0.03,  0.01, -0.  , -0.  ,  0.  , -0.02,  1.  ])
   status: 2
 hess_inv: array([[ 0., -0.,  0., ..., -0.,  0., -0.],
       [-0.,  0.,  0., ...,  0., -0.,  0.],
       [ 0.,  0.,  0., ...,  0., -0.,  0.],
       ..., 
       [-0.,  0.,  0., ...,  0.,  0., -0.],
       [ 0., -0., -0., ...,  0.,  0., -0.],
       [-0.,  0.,  0., ..., -0., -0.,  0.]])
A = 
[[ 0.11 -0.06 -0.03  0.05  0.07 -0.02]
 [ 0.25  0.23  0.12 -0.46  0.11 -0.46]
 [ 0.05  0.03  0.24 -0.09  0.03 -0.  ]
 [ 0.01  0.03  0.1   0.05  0.05 -0.1 ]
 [ 0.03 -0.02  0.07 -0.08  0.05  0.03]
 [ 0.04  0.03 -0.02 -0.01  0.01  0.09]]
B = 
[[ 1.    0.    0.04 -0.03 -0.06  0.03]
 [ 0.1   0.86  0.03  0.03 -0.06  0.03]
 [ 0.01 -0.03  0.95  0.02 -0.   -0.  ]
 [ 0.02 -0.02 -0.02  0.99 -0.02  0.02]
 [ 0.02  0.01 -0.03  0.03  0.97  0.03]
 [ 0.01 -0.   -0.    0.   -0.02  1.  ]]
